test_data/cs/d8_HYRB_1km_utm47n.asc
ncols         386
nrows         314
xllcorner     212287.95300656
yllcorner     3636060.8715997
cellsize      1000
NODATA_value  -9999
[rows 126 to 167 of 314, columns 188 to 281 of 386]
64 64 1 64 64 64 64 1 65 48 16 1 64 1 128 64 64 64 128 128 64 1 128 64 128 1 128 64 1 1 2 2 128 64 1 64 128 1 64 128 64 64 1 2 4 4 4 8 32 16 16 16 4 64 64 32 16 16 16 16 16 1 128 1 64 16 128 128 64 32 128 64 1 128 128 64 1 4 16 32 64 16 16 16 16 16 64 64 32 32 16 16 16 1
64 64 1 64 32 128 128 1 64 64 32 128 64 64 64 1 128 64 64 64 64 64 128 64 64 128 128 64 128 1 1 1 1 1 1 128 64 1 128 1 64 128 2 4 2 4 4 16 64 4 16 16 2 4 8 64 64 64 64 64 32 128 64 128 64 32 16 128 64 4 4 2 4 64 1 64 1 4 16 64 64 64 4 8 8 16 64 64 64 64 64 4 16 128
1 1 128 64 32 1 2 128 128 64 2 4 2 1 1 128 64 64 64 1 64 128 64 64 64 64 64 64 128 1 128 64 64 64 64 64 16 64 64 64 64 64 1 1 1 2 4 16 4 8 16 16 8 4 16 16 4 8 128 64 64 64 64 128 64 64 64 32 1 2 2 4 4 4 4 1 1 2 4 4 4 1 4 16 16 16 16 2 4 64 2 4 8 8
128 64 64 64 32 128 1 1 128 1 1 4 1 1 128 64 64 32 16 128 64 64 64 64 64 64 64 64 64 64 64 64 64 64 32 64 32 128 64 64 64 64 1 64 128 1 2 16 8 8 16 32 16 4 8 4 8 16 4 8 64 128 128 1 128 1 128 64 128 1 1 2 4 4 4 4 4 1 2 4 16 1 64 16 64 16 4 1 2 4 1 4 4 4
64 64 64 128 64 1 1 128 64 128 1 2 128 1 128 16 32 32 16 64 64 128 64 64 64 128 64 1 64 32 1 64 64 64 16 32 16 64 1 64 32 1 128 64 64 128 64 2 16 4 4 8 8 8 16 16 16 16 16 16 4 4 8 1 64 128 64 32 1 1 2 1 1 2 4 2 4 4 8 2 16 4 4 4 4 4 8 8 1 4 1 4 8 16
32 128 64 1 1 1 128 64 1 1 1 1 1 128 64 16 64 16 32 8 128 64 128 1 64 128 64 128 64 32 1 64 128 64 64 32 16 8 128 64 64 128 64 64 64 64 64 64 2 4 16 8 8 16 4 8 32 8 2 4 8 8 16 128 64 4 64 2 1 1 1 1 2 4 4 4 8 16 16 4 1 4 16 2 2 4 4 8 4 4 4 8 16 8
32 128 128 128 1 128 128 1 128 1 1 1 1 128 64 16 8 16 4 16 8 16 128 128 64 128 128 64 64 32 1 128 64 32 16 64 32 16 16 64 128 64 1 128 2 4 128 64 64 2 4 8 16 4 4 16 4 8 8 4 8 16 4 8 2 4 4 1 1 1 2 2 1 1 5 152 16 4 8 4 4 4 2 2 4 4 8 4 4 4 8 16 16 8
4 64 64 64 1 128 128 128 64 1 128 64 128 128 64 32 16 8 4 4 8 4 8 128 64 128 1 1 64 16 128 64 64 32 16 64 64 16 1 1 2 2 4 4 4 1 1 128 1 4 10 16 8 16 16 16 8 16 16 4 16 8 4 4 1 2 2 4 4 2 1 1 1 1 192 16 1 2 16 8 4 2 4 8 1 16 16 2 16 8 16 4 8 4
4 8 2 4 4 64 64 64 128 128 64 128 128 128 1 64 32 16 8 8 16 4 8 8 64 1 128 128 64 4 1 64 128 64 16 128 64 16 128 128 1 1 1 1 1 1 128 128 1 128 64 32 16 32 32 16 16 16 4 8 8 16 2 16 1 2 2 2 2 4 2 4 4 2 64 8 4 64 32 1 4 1 2 16 8 64 32 64 4 4 4 4 8 4
4 4 4 4 8 16 64 64 64 128 128 128 128 1 1 64 32 32 16 8 8 4 16 8 8 128 1 1 1 1 128 1 64 64 16 64 64 16 64 64 128 64 64 128 128 128 64 64 128 64 4 4 16 1 2 4 16 8 8 4 16 8 64 2 4 2 2 2 1 2 4 1 2 4 10 4 8 16 64 1 2 16 64 32 16 16 16 1 1 1 2 4 4 8
4 2 1 128 16 16 32 128 128 1 128 64 64 128 64 64 64 64 32 16 8 64 16 16 16 4 8 128 64 64 128 128 64 32 32 16 64 16 128 64 64 1 128 64 64 64 64 16 1 1 2 4 16 1 4 4 16 8 8 8 16 8 4 1 2 1 1 1 1 1 1 128 64 164 64 160 16 16 1 128 64 32 16 64 32 64 32 128 64 64 1 2 4 16
2 1 128 64 16 32 8 1 128 128 64 64 16 1 128 128 64 64 64 32 16 4 8 32 1 4 8 128 128 128 64 64 64 128 64 32 64 32 16 64 1 128 64 64 2 128 64 1 1 1 1 4 16 1 2 4 4 8 8 16 8 16 16 16 1 128 1 1 1 1 64 64 1 64 16 64 32 1 128 64 128 64 32 64 64 32 64 16 16 128 64 1 2 4
1 1 128 64 16 32 16 128 64 128 1 64 1 1 128 64 32 1 128 64 16 4 4 4 4 8 4 8 64 64 64 64 32 1 128 64 32 32 16 16 128 64 16 1 1 128 64 128 1 1 1 64 16 4 4 8 8 16 8 16 16 16 4 4 1 2 4 1 1 2 128 64 128 64 32 64 32 16 64 128 64 32 16 64 32 64 16 16 32 1 128 128 1 1
128 1 128 64 16 16 8 4 1 2 1 64 16 128 64 64 1 1 128 64 32 16 16 4 8 4 8 16 4 4 64 64 64 128 64 32 128 64 32 16 1 64 1 128 128 64 32 1 1 128 1 64 1 2 4 16 8 16 16 32 16 16 8 2 2 1 2 4 4 1 1 64 1 64 16 128 64 64 1 1 64 16 32 64 64 64 32 32 16 128 64 64 64 64
128 1 64 32 16 16 16 2 2 1 128 64 16 64 32 128 1 1 64 64 64 64 1 2 16 8 8 4 4 4 8 4 4 4 64 32 128 64 64 32 1 64 1 64 16 64 2 1 1 1 1 2 1 64 4 16 8 4 16 4 8 16 16 2 4 2 4 1 2 1 128 64 128 64 32 64 64 32 16 64 64 16 64 32 16 32 16 16 32 16 128 64 64 128
128 1 64 32 16 32 4 4 1 1 128 64 16 64 64 32 128 64 64 32 16 16 128 64 32 16 8 8 8 8 4 8 16 8 4 8 4 1 128 64 128 64 1 64 32 1 1 128 64 1 1 2 2 4 8 16 1 2 4 4 8 4 4 4 4 1 1 1 1 128 64 64 64 64 64 1 64 64 16 1 64 16 64 32 32 16 32 16 16 4 8 8 2 4
64 128 64 64 32 1 1 1 128 128 64 64 32 128 64 2 1 1 1 64 16 32 128 64 64 4 16 16 16 16 4 16 8 16 4 4 4 8 64 4 4 1 128 64 2 4 128 64 1 2 1 1 1 2 2 4 4 4 2 2 4 4 4 4 4 4 64 64 64 64 64 64 64 64 64 1 64 64 32 16 64 32 16 16 32 32 16 16 8 16 16 16 1 2
128 64 1 4 16 128 64 1 64 64 32 64 16 4 1 1 128 1 1 64 16 8 1 1 1 2 16 8 16 4 8 16 16 2 4 8 16 16 4 8 8 4 4 1 1 1 2 2 2 1 128 128 64 64 4 1 1 128 2 1 2 16 4 4 4 8 4 8 128 64 64 64 1 2 4 4 64 32 16 16 128 16 64 32 64 64 32 16 16 16 32 32 1 1
16 1 1 64 16 4 4 128 64 32 16 64 16 4 8 128 64 1 128 64 16 16 16 1 1 64 32 16 16 16 16 16 16 1 4 16 64 1 2 2 4 4 4 4 128 64 2 4 1 128 64 128 64 1 1 2 4 4 4 128 64 32 16 4 4 4 4 8 8 4 8 1 2 4 8 16 1 64 16 32 16 16 64 64 64 64 64 32 16 16 16 32 64 64
4 4 128 64 32 2 16 1 128 64 16 64 1 2 4 2 2 1 128 64 16 64 32 128 64 1 64 16 16 4 8 32 16 1 4 16 16 16 1 1 1 2 2 4 4 4 1 2 1 128 128 64 64 1 64 1 1 2 4 8 128 64 4 8 4 4 4 16 4 8 4 2 1 128 16 32 16 64 32 64 64 32 64 64 32 1 64 64 32 16 16 8 16 128
19 20 16 4 16 64 32 16 64 32 16 1 128 1 2 4 1 128 64 64 32 16 128 1 2 1 64 32 16 4 16 16 1 4 8 16 32 4 2 4 64 1 1 1 2 1 1 1 128 1 64 64 128 64 64 64 64 1 2 16 1 1 16 1 1 2 4 4 4 4 4 4 1 64 16 8 32 16 32 32 16 32 32 16 1 128 64 128 64 32 16 16 4 4
64 96 16 4 16 16 64 32 64 64 32 128 64 1 1 4 128 64 64 16 64 32 16 1 1 128 1 64 32 16 16 8 2 4 8 32 4 4 1 4 8 128 64 128 1 128 64 64 64 128 64 32 32 16 128 64 64 64 64 1 128 64 64 32 64 1 1 2 16 1 1 16 16 64 32 16 64 16 32 16 16 32 32 16 8 1 128 64 64 64 32 4 4 4
128 64 32 16 16 16 64 32 128 64 2 4 2 4 1 64 16 64 64 16 64 16 64 1 128 64 1 64 64 32 16 16 4 8 16 4 4 4 8 4 4 4 8 128 128 64 32 128 64 64 128 64 64 32 128 64 64 1 1 64 64 2 4 16 1 128 2 4 8 16 64 64 1 128 64 32 64 32 32 16 32 8 64 32 16 128 1 64 128 64 1 1 2 4
1 4 16 64 32 16 4 8 16 128 1 4 1 2 128 64 1 64 16 32 64 32 16 1 128 64 1 1 64 32 16 16 16 4 4 4 8 4 8 4 4 4 8 16 16 16 16 16 128 128 64 1 64 16 8 1 128 1 128 64 128 1 2 2 4 1 1 4 16 4 4 4 4 4 4 8 16 4 8 16 8 16 8 64 32 16 128 64 32 1 128 64 1 1
1 64 16 64 64 2 4 4 2 4 1 4 128 1 1 4 1 64 32 16 1 64 16 1 64 128 1 128 1 64 16 8 16 4 8 8 16 4 4 4 4 8 16 64 32 32 64 32 16 1 1 128 64 32 16 16 1 1 64 1 128 128 64 1 4 16 1 64 16 2 4 8 1 4 16 16 4 4 4 4 4 16 4 8 8 16 2 4 4 128 64 128 128 64
128 64 16 16 1 1 2 2 4 4 1 4 4 4 4 8 128 64 32 16 8 64 32 128 64 1 1 64 128 64 32 16 8 8 4 8 4 8 8 16 16 16 32 16 8 32 128 64 2 2 4 1 128 64 4 4 1 1 1 128 64 64 64 1 64 2 4 64 8 4 8 16 1 64 16 4 15 28 16 16 16 16 8 4 8 4 4 4 8 2 4 1 64 128
64 64 32 16 128 64 1 1 1 2 1 2 4 1 4 16 64 128 64 32 16 8 4 1 1 2 128 64 1 1 64 16 4 8 16 16 16 16 8 32 16 32 16 16 4 8 8 2 2 4 8 1 1 1 16 16 16 128 1 128 64 64 1 1 64 1 1 18 4 12 16 16 128 64 4 143 221 120 16 32 16 16 16 16 16 8 8 8 16 4 8 4 8 1
32 16 64 16 8 128 128 64 1 1 128 1 1 1 64 16 16 128 64 64 32 16 8 8 1 1 1 1 128 128 64 32 16 16 64 32 32 16 16 8 16 32 16 16 8 16 16 2 1 128 16 1 128 64 64 64 1 1 128 64 32 16 128 128 1 128 64 1 169 80 16 16 64 1 129 209 240 16 16 64 32 16 4 4 8 16 4 8 1 4 16 4 8 1
64 16 64 32 16 4 1 128 1 128 64 128 64 64 64 32 16 2 4 4 64 4 8 16 1 128 64 64 1 2 1 64 32 16 16 16 64 64 32 16 32 64 32 16 16 32 1 1 1 64 16 1 64 16 64 64 128 1 128 64 64 32 128 128 64 64 1 128 16 64 64 32 1 128 64 64 64 64 16 64 64 4 8 16 16 4 8 2 4 4 16 4 16 2
64 32 16 64 2 4 8 4 128 64 1 2 4 1 128 16 8 1 1 1 1 2 4 4 4 64 64 1 128 1 1 128 64 32 16 16 16 4 8 32 8 1 2 4 4 4 4 1 128 64 32 128 64 32 1 64 16 128 1 128 64 16 32 1 1 128 128 64 64 64 64 32 128 64 64 64 32 64 32 1 1 16 16 8 16 8 8 4 8 4 16 8 16 1
64 64 1 2 1 4 4 4 4 4 128 1 4 1 64 2 4 4 64 64 64 1 2 16 16 16 4 4 128 128 64 64 1 64 16 16 16 4 4 8 16 2 1 2 4 4 4 4 4 1 128 64 64 32 1 64 16 1 128 64 64 16 1 128 1 1 128 2 4 1 1 64 64 16 4 64 64 32 128 128 64 64 2 4 4 4 4 8 8 8 16 4 4 1
4 4 8 2 1 1 16 16 2 2 4 1 64 16 64 1 3 20 2 2 4 1 64 32 16 8 4 8 2 128 1 1 1 64 16 64 32 16 16 16 8 1 128 1 3 20 16 16 8 8 64 128 64 32 16 64 32 1 128 128 64 32 128 128 64 1 1 1 2 16 1 64 64 32 16 16 8 4 8 16 64 1 1 2 4 8 16 8 4 4 4 8 4 1
2 2 4 4 1 64 64 1 1 1 1 128 64 32 128 64 64 96 1 1 1 128 1 64 2 4 2 4 8 8 1 1 1 64 32 16 64 64 32 16 16 8 64 1 64 96 16 16 16 16 16 16 128 64 32 64 64 1 64 16 16 1 128 64 128 128 128 64 64 2 1 128 128 64 32 16 4 4 16 4 2 4 4 4 4 16 8 8 4 8 16 16 8 1
1 1 1 1 128 64 32 1 128 64 64 64 32 16 1 1 128 64 128 64 64 1 128 64 1 1 2 4 16 8 1 128 1 64 64 16 16 128 64 32 16 16 4 4 4 8 16 64 64 64 32 32 32 32 16 2 16 128 64 2 4 4 2 4 4 128 64 2 1 1 128 128 64 64 64 32 1 2 4 4 4 4 4 4 4 8 8 4 4 4 8 32 16 1
64 64 64 64 64 32 16 128 64 128 64 1 64 16 16 1 128 1 64 128 64 128 64 64 64 1 1 2 4 4 1 1 1 1 64 16 16 16 64 64 64 32 16 16 16 16 16 16 16 16 128 64 64 64 64 64 1 2 1 1 2 2 2 4 4 2 2 1 1 128 128 64 64 128 64 128 1 1 1 1 1 1 2 4 2 4 4 4 4 4 16 4 2 4
4 64 128 64 64 64 32 16 16 1 128 128 64 32 1 128 64 64 64 32 128 64 64 64 128 128 128 1 2 4 8 128 1 128 64 32 16 32 16 16 64 64 32 32 16 32 8 16 32 16 16 64 32 128 1 2 4 1 128 1 1 1 1 2 16 2 1 1 128 128 64 64 64 1 128 128 128 128 1 1 1 2 4 1 1 6 16 16 4 2 4 4 4 4
8 8 16 64 64 64 64 16 32 4 1 1 128 64 64 64 32 128 1 64 64 32 64 64 128 64 128 1 1 2 4 4 4 64 1 64 16 64 32 16 1 64 64 64 32 16 16 16 8 4 4 4 4 8 128 1 1 2 4 4 64 1 1 64 32 1 1 128 64 1 1 128 128 128 128 1 1 128 128 1 1 1 2 2 4 77 56 2 2 1 4 1 1 128
4 4 4 4 8 128 64 32 4 4 128 128 64 64 32 2 1 4 128 64 64 32 16 128 64 64 64 128 1 1 1 1 2 4 1 64 32 16 64 32 16 64 64 64 64 32 16 4 8 16 16 4 8 16 2 128 2 4 4 4 4 4 1 64 64 128 128 64 1 1 128 64 128 64 128 128 128 64 64 64 128 64 64 1 129 208 16 1 1 1 1 128 128 64
4 2 4 4 8 8 2 4 4 8 2 4 4 1 2 1 1 1 1 64 16 64 32 16 32 128 1 2 1 128 128 64 1 1 1 1 64 16 4 64 32 16 128 128 1 64 2 4 4 8 16 16 16 16 2 2 1 1 4 2 2 4 4 64 64 64 64 64 128 128 128 64 64 1 128 64 64 64 64 64 128 1 128 64 64 64 64 128 128 64 64 64 16 64
1 1 2 4 16 4 4 4 8 2 2 4 4 2 4 1 128 64 64 64 16 128 64 16 8 64 1 1 128 128 64 128 64 64 64 1 64 32 16 4 8 4 8 4 8 64 1 2 4 16 8 64 32 4 1 1 2 1 64 1 1 1 2 4 8 16 128 128 64 64 64 128 64 128 64 32 64 64 64 1 128 128 64 64 64 64 128 64 64 64 64 64 32 32
64 1 2 4 4 8 4 8 16 1 1 1 1 1 128 128 64 64 1 64 16 64 64 32 16 1 1 128 1 128 1 2 4 64 1 1 128 64 32 16 16 4 4 4 8 8 1 2 4 16 8 4 4 8 16 128 1 128 64 128 64 64 1 2 4 8 4 4 128 64 128 1 128 64 64 64 64 64 32 128 64 64 64 32 1 128 128 64 1 1 16 16 16 64
1 128 1 2 4 4 4 4 8 4 4 4 4 128 64 64 16 1 128 64 32 16 16 64 32 128 64 64 128 64 1 1 2 4 1 128 128 64 64 32 16 16 16 16 16 4 4 1 4 4 8 8 8 16 2 2 128 64 32 16 4 128 128 1 2 16 4 8 2 4 4 4 64 16 32 16 128 128 64 64 32 1 2 1 1 128 128 64 128 64 64 64 32 4
